2.963938750326633453e-02
3.633707761764526367e-02
4.164680838584899902e-02
5.812732875347137451e-02
7.046490162611007690e-02
5.191665142774581909e-02
2.664878778159618378e-02
1.105238683521747589e-02
2.805885626003146172e-03
-6.956147029995918274e-03
-6.615196820348501205e-03
-2.700341399759054184e-03
5.006277468055486679e-03
1.820230297744274139e-02
2.781561762094497681e-02
3.200467303395271301e-02
-1.434749644249677658e-02
-8.046549744904041290e-03
4.145097453147172928e-03
1.836740411818027496e-02
2.757778204977512360e-02
2.997141890227794647e-02
2.908221259713172913e-02
2.708777412772178650e-02
2.569466270506381989e-02
2.444045618176460266e-02
2.140788361430168152e-02
1.921451278030872345e-02
1.825961843132972717e-02
1.686513237655162811e-02
1.311049517244100571e-02
5.663973744958639145e-03
1.000458002090454102e-02
7.582131773233413696e-02
6.310023367404937744e-02
5.825074017047882080e-02
4.495054110884666443e-02
2.619853429496288300e-02
8.070968091487884521e-03
-1.687172218225896358e-03
3.358050482347607613e-03
1.063653640449047089e-02
1.991502754390239716e-02
1.096327509731054306e-02
