2.955046721814363290e-03
3.568685484185206945e-03
3.742806568653644569e-03
3.059410725323269582e-03
2.162702332191021506e-03
2.383967836115467517e-03
2.923382955409883563e-03
3.223884468508823962e-03
3.212855426061562904e-03
2.538384501554519137e-03
1.679530150397661381e-03
9.857852738279701543e-04
5.543785885539164425e-04
2.934981709267335970e-04
1.523992080937795421e-04
7.802695154123529269e-05
1.548102504590169112e-03
1.107525883899548435e-03
8.308865785338490550e-04
6.975992172343836121e-04
6.597329962588489687e-04
6.623881769576049020e-04
6.466546656917573389e-04
6.063754822696049282e-04
5.491871496080420181e-04
4.770742930195050018e-04
3.940600458433039842e-04
3.038997752979225942e-04
2.099617664366902007e-04
1.223043067648340210e-04
1.948968412608873872e-05
4.436217292801836989e-07
4.323001447612270784e-06
2.687223284999067536e-05
4.812183772166847134e-05
6.647942179927709071e-05
9.758869151894479618e-05
1.309042509616231383e-04
1.324751205975680456e-04
9.477746271437128525e-05
5.207462270075938795e-05
2.129610080702137506e-05
7.789569844568509257e-06
2.377134271110765638e-06
