6.879105179642476531e-02
2.233007818392992450e-01
3.171417052119450686e-01
3.560852780847075794e-01
3.519620239074581769e-01
2.906698328117312546e-01
2.279971382651291290e-01
1.732042070949566248e-01
1.301756072142759013e-01
9.757144916828539016e-02
5.435722390560576711e-02
3.049949303995430627e-02
1.711980365336155524e-02
9.307426861725996703e-03
5.177449656458071696e-03
2.950086267004309922e-03
1.716621000354426113e-03
9.725746583396228636e-04
1.635310827281599433e-01
1.073797181407031565e-01
7.304617366032796488e-02
5.130300680021138843e-02
3.197292761648402176e-02
2.106606146962112375e-02
1.423679533869096590e-02
9.865778214839273502e-03
6.899718634525184996e-03
4.859949666735201464e-03
3.341539365944995801e-03
2.152272609008744255e-03
1.200093601255868610e-03
4.881337703829171509e-04
1.620291967835582559e-04
5.035243255491901083e-03
8.612460900074819098e-03
1.027452440751545383e-02
1.012429024862463410e-02
7.087178252299611292e-03
3.823818501001682076e-03
1.712339097132351213e-03
6.464889230159137764e-04
1.882794623903614236e-04
2.069713430661066517e-05
