5.813086173350373587e-02
1.518323293223814430e-01
1.889971548177126481e-01
1.770128931866072897e-01
1.079668959485142049e-01
4.496734357421289241e-02
4.106165833264639742e-02
5.117579784502114537e-02
5.276616401451778016e-02
4.930954561864996782e-02
3.649109425417075558e-02
2.485254358665546157e-02
1.618045170427922716e-02
9.567632341093611215e-03
5.807575457140352199e-03
3.514959841103698635e-03
2.247271516352337527e-03
1.405084859551824919e-03
6.528996940612900868e-02
2.407920040666105058e-02
5.375885790456908647e-03
5.981823039959485201e-03
8.743022094532596628e-03
8.370499088296200207e-03
6.998748772750276043e-03
5.578270737432142017e-03
4.251519850063068158e-03
3.195271431657696094e-03
2.318363525068017211e-03
1.528750264161580358e-03
8.701002291163491102e-04
3.631599051519275828e-04
1.068848494705647740e-04
2.064042059515742034e-03
2.983828213886466699e-03
2.533430977052074807e-03
1.295310724780496725e-03
1.327742493580981887e-03
1.687149713339481001e-03
1.111837041223000125e-03
5.303275633755422146e-04
1.797266110675739895e-04
2.727609921502749792e-05
