4.979039886881474718e-03
7.874900435201115378e-03
1.075043832529275212e-02
1.702378426386041282e-02
1.989110706065123912e-02
1.923880769084054809e-02
1.673419813180625909e-02
1.362567911321037502e-02
1.055112191693394381e-02
5.712829876902138573e-03
2.857402326033565802e-03
1.358426582032851854e-03
6.331466706750840581e-04
2.902062879177270873e-04
1.340381535903646898e-04
6.368431103522629731e-05
6.322602543187933952e-03
5.041941237619452197e-03
4.072306941177956247e-03
3.381320354184702125e-03
2.629491454776781631e-03
2.088427410577132094e-03
1.677277249883554842e-03
1.351964412008836323e-03
1.082125294866772896e-03
8.516390990495044475e-04
6.495101323993848113e-04
4.674427251781873983e-04
3.048956575255322454e-04
1.717136011723551024e-04
2.601427390423519849e-05
3.072071426765762932e-08
5.019596948656918648e-06
2.601807746930452745e-04
4.740634699154248140e-04
6.320582874977213883e-04
6.600457089760335344e-04
5.522460885785991517e-04
3.488885194947308134e-04
1.763070454569546112e-04
7.297670229009488047e-05
2.426840336690044023e-05
7.721204106283567300e-06
7.108405705131621337e-07
