0.1 4.1257628455818292E-003
0.2 5.4382193477630122E-003
0.3 8.1198827831672326E-003
0.4 8.7828641170158012E-003
0.5 1.0190228389019590E-002
0.6 1.1884190187061135E-002
0.7 1.2074020311099203E-002
0.8 1.2804932129850188E-002
0.9 1.5622141410794601E-002
1 1.5937671737544158E-002
1.1 1.8307952762067366E-002
1.2 1.9690874766888460E-002
1.3 1.7732523620561439E-002
1.4 1.8191601985373555E-002
1.5 1.9170774905547520E-002
1.6 1.7979175605127476E-002
1.7 1.8824829578665086E-002
1.8 1.9575177940703278E-002
1.9 1.8855271346227848E-002
2 1.9748481203862127E-002
2.1 2.1403136549157570E-002
2.2 1.8200090062938854E-002
2.3 1.8005810272387113E-002
2.4 1.8252150924105068E-002
2.5 2.0005343709107160E-002
2.6 1.7901327299169434E-002
2.7 1.9499295458705834E-002
2.8 1.7026850029736938E-002
2.9 1.6874755861866726E-002
3 1.5683042549389622E-002
3.1 1.6295130370994323E-002
3.2 1.6775323795949558E-002
3.3 1.6008999324434881E-002
3.4 1.6296727608603429E-002
3.5 1.4291925852426913E-002
3.6 1.3966747662047963E-002
3.7 1.4248703021952788E-002
3.8 1.3770789354640304E-002
3.9 1.2199223207928199E-002
4 1.2367033605001385E-002
4.1 1.1255359741412027E-002
4.2 1.0693428945148506E-002
4.3 1.0844567184472940E-002
4.4 1.0684694885902237E-002
4.5 1.0774621643373060E-002
4.6 8.8692872867580340E-003
4.7 1.0542271300259448E-002
4.8 8.7711991413027667E-003
4.9 8.3773706693958915E-003
5 8.0758447772352453E-003
5.1 7.6324879476051865E-003
5.2 7.2100809043371666E-003
5.3 8.7331079260290437E-003
5.4 6.0547202450898395E-003
5.5 6.3792571264054704E-003
5.6 5.7873685046745853E-003
5.7 6.3769093023081499E-003
5.8 5.0929700691528463E-003
5.9 4.8317058724837740E-003
6 5.5123473396368194E-003
6.1 4.8995775693453899E-003
6.2 4.5629622365169799E-003
6.3 4.4039212323343860E-003
6.4 3.8671439072656129E-003
6.5 3.6228031560053453E-003
6.6 3.7714035859076674E-003
6.7 3.4714875728014401E-003
6.8 3.3875797212753055E-003
6.9 2.4553360470671490E-003
7 2.8200939842509460E-003
7.1 3.0632608234625533E-003
7.2 2.5927173180228893E-003
7.3 2.1868383927813226E-003
7.4 2.1180387655520137E-003
7.5 1.8785836478111780E-003
7.6 2.0166748656317325E-003
7.7 2.2619435472596926E-003
7.8 1.5366187162794893E-003
7.9 1.7684170508431316E-003
8 1.5108239360214239E-003
8.1 1.6524088918098709E-003
8.2 1.9908800853736669E-003
8.3 9.5915637015870411E-004
8.4 1.2269720757578048E-003
8.5 1.4506090223370010E-003
8.6 1.2699769227290491E-003
8.7 1.1574625016636812E-003
8.8 9.8940081693044374E-004
8.9 9.2035520802016661E-004
9 1.3295098877267469E-003
9.1 9.4358418067803224E-004
9.2 5.9139665836895018E-004
9.3 7.5111961123826862E-004
9.4 6.6183416283076648E-004
9.5 6.6486393561481264E-004
9.6 5.6350003569453130E-004
9.7 7.3437350970893627E-004
9.8 6.1929328104336895E-004
9.9 5.9139665836895018E-004
10 8.6224213675209721E-004
10.1 5.2188708427482644E-004
10.2 3.5265148749292851E-004
10.3 2.9685824214409107E-004
10.4 3.5265148749292851E-004
10.5 5.7721636443981749E-004
10.6 1.8387985589487694E-004
10.7 2.2595677249842824E-004
10.8 2.5431736035669338E-004
10.9 3.5218752230908211E-004
11 2.3967310124371437E-004
11.1 2.4013706642756079E-004
11.2 1.6923559678189799E-004
11.3 1.6923559678189799E-004
11.4 2.3920913605986798E-004
11.5 1.1251442106536771E-004
11.6 1.5505530285276541E-004
11.7 1.4087500892363282E-004
11.8 1.7133743919825142E-004
11.9 9.9262057503927929E-005
12 7.0901469645662818E-005
12.1 1.2762264536219305E-004
12.2 1.4087500892363282E-004
12.3 2.3967310124371437E-004
12.4 1.9713221945631668E-004
12.5 5.6721175716530256E-005
12.6 1.2715868017834669E-004
12.7 7.0437504461816412E-005
12.8 5.6721175716530256E-005
12.9 1.2669471499450027E-004
13 4.2076916603551294E-005
13.1 4.2540881787397693E-005
13.2 5.6721175716530256E-005
13.3 2.8360587858265128E-005
13.4 8.4617798390948995E-005
13.5 7.0901469645662818E-005
13.6 9.8798092320081564E-005
13.7 1.4180293929132564E-005
13.8 0.0000000000000000
13.9 4.2540881787397693E-005
14 4.2540881787397693E-005
14.1 5.6257210532683857E-005
14.2 1.4180293929132564E-005
14.3 1.4180293929132564E-005
14.4 0.0000000000000000
14.5 4.2540881787397693E-005
14.6 2.8360587858265128E-005
14.7 2.8360587858265128E-005
14.8 1.4180293929132564E-005
14.9 4.2540881787397693E-005
15 1.4180293929132564E-005
15.1 1.4180293929132564E-005
15.2 0.0000000000000000
15.3 4.2540881787397693E-005
15.4 0.0000000000000000
15.5 4.2076916603551294E-005
15.6 1.4180293929132564E-005
15.7 1.4180293929132564E-005
15.8 0.0000000000000000
15.9 0.0000000000000000
16 0.0000000000000000
16.1 2.8360587858265128E-005
16.2 0.0000000000000000
16.3 0.0000000000000000
16.4 0.0000000000000000
16.5 0.0000000000000000
16.6 0.0000000000000000
16.7 0.0000000000000000
16.8 0.0000000000000000
16.9 0.0000000000000000
17 0.0000000000000000
17.1 0.0000000000000000
17.2 0.0000000000000000
17.3 1.4180293929132564E-005
17.4 2.8360587858265128E-005
17.5 0.0000000000000000
17.6 1.4180293929132564E-005
17.7 0.0000000000000000
17.8 0.0000000000000000
17.9 0.0000000000000000
18 0.0000000000000000
18.1 0.0000000000000000
18.2 0.0000000000000000
18.3 0.0000000000000000
18.4 1.4180293929132564E-005
18.5 1.4180293929132564E-005
18.6 1.4180293929132564E-005
18.7 0.0000000000000000
18.8 0.0000000000000000
18.9 0.0000000000000000
19 0.0000000000000000
19.1 0.0000000000000000
19.2 1.4180293929132564E-005
19.3 1.4180293929132564E-005
19.4 0.0000000000000000
19.5 0.0000000000000000
19.6 0.0000000000000000
19.7 0.0000000000000000
19.8 0.0000000000000000
