0 4.2038709243471392E-006
1 1.4107556006997350E-006
2 1.6872275452892690E-005
3 2.5251621423834902E-005
4 2.3869261700887230E-005
5 5.4820697283025204E-005
6 5.3353149926821340E-005
7 4.3591444232931456E-005
8 7.5840051904760891E-005
9 5.7895399581596625E-005
10 6.7489101811570761E-005
11 8.8818439285982538E-005
12 7.8746750739416564E-005
13 8.1539866063063977E-005
14 1.0540912776395120E-004
15 1.1528441696884934E-004
16 1.2933518122034256E-004
17 1.0126204859510820E-004
18 1.2648527414119102E-004
19 1.4233959267671961E-004
20 1.3500659950089358E-004
21 1.3638895922384124E-004
22 1.3080272857654644E-004
23 1.8271672702491594E-004
24 1.1113733780000634E-004
25 1.5072131045025847E-004
26 1.7428058929846963E-004
27 1.8412748262561571E-004
28 1.7323660830595011E-004
29 2.1688484429438569E-004
30 1.6178256003643646E-004
31 1.4776019166269533E-004
32 1.7010511425187455E-004
33 1.8841654118321904E-004
34 2.1513570996325781E-004
35 2.3917297512806077E-004
36 2.6580695627484338E-004
37 2.0122455329792826E-004
38 2.5294215240462996E-004
39 2.4744110939059136E-004
40 2.0836351893468313E-004
41 2.4176969111004037E-004
42 2.6163385303084496E-004
43 2.4910505608846304E-004
44 2.8414915088653653E-004
45 2.7576743311299767E-004
46 2.5029101646974292E-004
47 3.1086594786397867E-004
48 2.8967858977832722E-004
49 2.6301621275379259E-004
50 3.2757021985295562E-004
51 3.1354785147921446E-004
52 3.3673753499316575E-004
53 3.6122958312548477E-004
54 3.5423259687749026E-004
55 3.5696892044563349E-004
56 3.0248897369563314E-004
57 3.4596683441755628E-004
58 3.0985036274921128E-004
59 3.5592493945311396E-004
60 3.1072634027781503E-004
61 3.2480550040706025E-004
62 2.9980707008039735E-004
63 3.0790482907641550E-004
64 3.4737521821565938E-004
65 3.3335284984191822E-004
66 3.2347756063702012E-004
67 3.4717881887399158E-004
68 3.2454993750729167E-004
69 3.8357450571466402E-004
70 3.0358737464106016E-004
71 2.8976140560898681E-004
72 3.4339377070813549E-004
73 2.8544395117363137E-004
74 3.4729003058240319E-004
75 2.5576366360602945E-004
76 2.4763750873225921E-004
77 2.7113999582496621E-004
78 2.8087330564110407E-004
79 2.3880620051988058E-004
80 2.0949031575786224E-004
81 2.5203540719567752E-004
82 2.3587110580747286E-004
83 1.9245003684105380E-004
84 2.1067627613914207E-004
85 1.7416700578746136E-004
86 1.8954333800639812E-004
87 1.9811908331900815E-004
88 1.9230805745229344E-004
89 1.6705643602845857E-004
90 1.4059045834559174E-004
91 9.8383745638204592E-005
92 1.6028424499988389E-004
93 1.4363676476641111E-004
94 1.1818874400090837E-004
95 1.2772565447537838E-004
96 1.2070027234963176E-004
97 1.0811705545434241E-004
98 1.2563532068774272E-004
99 1.1392808132105710E-004
100 1.0123128091475949E-004
101 1.1088177490023775E-004
102 9.9792129436307697E-005
103 1.0546354771685869E-004
104 7.8829566570076120E-005
105 6.1760891775515620E-005
106 7.2904957192353162E-005
107 5.7725024315084241E-005
108 7.0365032965877716E-005
109 7.8547979595152112E-005
110 5.6089473494964609E-005
111 3.7863234196876315E-005
112 5.7528624973416411E-005
113 2.9455492348182038E-005
114 5.9107384038031900E-005
115 3.3716155028033312E-005
116 3.2277003549581510E-005
117 2.4065661042555056E-005
118 2.6662377024534636E-005
119 4.3731051819095149E-005
120 2.8297927844654258E-005
121 1.5433123974440888E-005
122 2.3840865823135168E-005
123 1.9636994898788028E-005
124 9.8184974493940139E-006
125 1.2611612773041417E-005
126 2.7415421737719194E-005
127 2.8297927844654258E-005
128 2.1244149841155585E-005
129 4.2038709243471392E-006
130 1.9636994898788028E-005
131 8.4077418486942783E-006
132 8.4077418486942783E-006
133 1.6815483697388557E-005
134 2.3840865823135168E-005
135 4.2038709243471392E-006
136 9.8184974493940139E-006
137 2.2654905441855319E-005
138 1.2640008650793483E-005
139 8.4077418486942783E-006
140 1.4107556006997350E-006
141 0.0000000000000000
142 8.4077418486942783E-006
143 0.0000000000000000
144 8.4077418486942783E-006
145 1.4107556006997350E-006
146 0.0000000000000000
147 0.0000000000000000
148 4.2038709243471392E-006
149 1.2836407992461308E-005
150 0.0000000000000000
151 4.2038709243471392E-006
152 4.2038709243471392E-006
153 0.0000000000000000
154 4.2038709243471392E-006
155 0.0000000000000000
156 0.0000000000000000
157 0.0000000000000000
158 0.0000000000000000
159 0.0000000000000000
160 0.0000000000000000
161 0.0000000000000000
162 0.0000000000000000
163 0.0000000000000000
164 1.2611612773041417E-005
165 0.0000000000000000
166 0.0000000000000000
167 0.0000000000000000
168 0.0000000000000000
169 0.0000000000000000
170 0.0000000000000000
171 0.0000000000000000
172 0.0000000000000000
173 0.0000000000000000
174 0.0000000000000000
175 4.2038709243471392E-006
176 0.0000000000000000
177 0.0000000000000000
178 0.0000000000000000
179 0.0000000000000000
180 0.0000000000000000
181 0.0000000000000000
182 0.0000000000000000
183 0.0000000000000000
184 0.0000000000000000
185 0.0000000000000000
186 0.0000000000000000
187 0.0000000000000000
188 0.0000000000000000
189 0.0000000000000000
190 0.0000000000000000
191 0.0000000000000000
192 0.0000000000000000
193 0.0000000000000000
194 0.0000000000000000
195 0.0000000000000000
196 0.0000000000000000
197 0.0000000000000000
198 0.0000000000000000
199 0.0000000000000000
200 0.0000000000000000
201 0.0000000000000000
202 0.0000000000000000
203 0.0000000000000000
204 0.0000000000000000
205 0.0000000000000000
206 0.0000000000000000
207 0.0000000000000000
208 0.0000000000000000
209 0.0000000000000000
210 0.0000000000000000
211 0.0000000000000000
212 0.0000000000000000
213 0.0000000000000000
214 0.0000000000000000
215 0.0000000000000000
216 0.0000000000000000
217 0.0000000000000000
218 0.0000000000000000
219 0.0000000000000000
220 0.0000000000000000
221 0.0000000000000000
222 0.0000000000000000
223 0.0000000000000000
224 0.0000000000000000
225 0.0000000000000000
226 0.0000000000000000
227 0.0000000000000000
228 0.0000000000000000
229 0.0000000000000000
230 0.0000000000000000
231 0.0000000000000000
232 0.0000000000000000
233 0.0000000000000000
234 0.0000000000000000
235 0.0000000000000000
236 0.0000000000000000
237 0.0000000000000000
238 0.0000000000000000
239 0.0000000000000000
240 0.0000000000000000
