0 1.8411405382091662E-005
1 8.4396732158530831E-006
2 2.3906640598310093E-005
3 5.2025428675737428E-005
4 5.9056567406746003E-005
5 7.0307542745681110E-005
6 1.2106141737753131E-004
7 1.1952359158053886E-004
8 1.4074629908571255E-004
9 1.0828222765261534E-004
10 1.0968499529085288E-004
11 1.5801544173606489E-004
12 1.6900014532189481E-004
13 2.1285025025268207E-004
14 2.7406194111839174E-004
15 2.5363239271829365E-004
16 2.5592460731058153E-004
17 2.0965107419315614E-004
18 2.1260320132160008E-004
19 2.6462286315073053E-004
20 2.6027565751285837E-004
21 2.4519656406684525E-004
22 3.0707020044328025E-004
23 2.6475984359168781E-004
24 2.6335899823565261E-004
25 3.6754106918147770E-004
26 4.5074555927100885E-004
27 4.1190641707865451E-004
28 3.4631067254749476E-004
29 4.2224658638594694E-004
30 4.5049851033992692E-004
31 3.7879588908481751E-004
32 4.0142136422822875E-004
33 4.0310001503058310E-004
34 4.3120534713259420E-004
35 3.9003533073053871E-004
36 4.1113451377017138E-004
37 4.5357416193391180E-004
38 4.3900240835211208E-004
39 4.8003928887761500E-004
40 4.6162403893111869E-004
41 4.4642911014837391E-004
42 5.9212453427631110E-004
43 6.2485872202691823E-004
44 5.7670402633244375E-004
45 4.4783572235101608E-004
46 4.1216863029398825E-004
47 4.9129603106315704E-004
48 6.1005177787298414E-004
49 6.1835639293008238E-004
50 5.5636115437030864E-004
51 6.0403745512597161E-004
52 6.1120365201573507E-004
53 6.0660747516457869E-004
54 6.2298332629647608E-004
55 6.6209258480634027E-004
56 6.2053469446784082E-004
57 6.4943884182916769E-004
58 6.7053610258659797E-004
59 6.9224489415939253E-004
60 6.3585688158816441E-004
61 6.4382008214740815E-004
62 7.4927755170152519E-004
63 7.0963574968545056E-004
64 6.7960279556780073E-004
65 6.5033213334762254E-004
66 6.2426833631577957E-004
67 7.0889289458336922E-004
68 8.2343072706747209E-004
69 6.8113293223598403E-004
70 7.9862289184853092E-004
71 7.4659938545499586E-004
72 6.9772859568239707E-004
73 6.9813580313323115E-004
74 7.2839625869420589E-004
75 6.6077649360606571E-004
76 6.2846126097287360E-004
77 7.7470663983920918E-004
78 7.3229364200705902E-004
79 7.8543265010837617E-004
80 6.2962851337324303E-004
81 7.3367360387811104E-004
82 7.4274819996148986E-004
83 7.2952303247595968E-004
84 6.7126934627766784E-004
85 6.7742449403004239E-004
86 6.5083392033859577E-004
87 6.8597423573602001E-004
88 6.9441583123407559E-004
89 6.5632723327261201E-004
90 6.6703786528416039E-004
91 7.2178984192721916E-004
92 6.3408002065463303E-004
93 6.2550913384442958E-004
94 6.0751059206741215E-004
95 7.8781367739419635E-004
96 6.4761156620027512E-004
97 6.1720259650512922E-004
98 6.3024229113654341E-004
99 6.3754162390285943E-004
100 6.0225663893566871E-004
101 6.3661928417800290E-004
102 6.5436874404936911E-004
103 5.6974034121737489E-004
104 6.1002859979418934E-004
105 6.5413547575943719E-004
106 5.1058940824385657E-004
107 4.9968945881378741E-004
108 5.4803539420898500E-004
109 4.7979053163769742E-004
110 5.4278913020605081E-004
111 5.5136001701625427E-004
112 6.1771399490711414E-004
113 5.0443426049148212E-004
114 5.1466265299981420E-004
115 5.7904628330848350E-004
116 4.4871384958521918E-004
117 5.0674975644356460E-004
118 5.2912433809148922E-004
119 4.5094219350672959E-004
120 4.3614486076380731E-004
121 4.9026981764151622E-004
122 4.5454473245268496E-004
123 3.6574679701575848E-004
124 4.6303086510712766E-004
125 3.6522002035615500E-004
126 3.6139959137788626E-004
127 3.3899008398458606E-004
128 3.4452216722838245E-004
129 3.8275159019520794E-004
130 3.0080904273855247E-004
131 3.4605999302537494E-004
132 3.6685028943771750E-004
133 3.2663369394148967E-004
134 3.3032675388981265E-004
135 2.8046040392981051E-004
136 3.5002124700900548E-004
137 2.5106237267968662E-004
138 2.8841580466787810E-004
139 2.3586359933253719E-004
140 2.4363759316562721E-004
141 2.7918500532151866E-004
142 2.6437795047521768E-004
143 2.4033817400035497E-004
144 1.9069355863707082E-004
145 2.4161549489084920E-004
146 2.9771609060474664E-004
147 2.1195119188762010E-004
148 1.8524286057723958E-004
149 2.0158774122053296E-004
150 1.8217105354765930E-004
151 1.8049432502750725E-004
152 1.9508145686692556E-004
153 1.6656710572424504E-004
154 1.6081328788373068E-004
155 1.3268873295969636E-004
156 1.3422848103889116E-004
157 1.6423804310437926E-004
158 1.9521074817907351E-004
159 1.3308429602494956E-004
160 9.7542650715665103E-005
161 1.8062746090405986E-004
162 1.1454359933070994E-004
163 1.1568393978024689E-004
164 1.2860395451052477E-004
165 1.1454359933070994E-004
166 8.0275430347515056E-005
167 1.0623706199140946E-004
168 9.0376453825901599E-005
169 1.4138891108204769E-004
170 8.1942547456655484E-005
171 9.1653774716395824E-005
172 7.7591497254378647E-005
173 6.4937754277206007E-005
174 3.5149926808435910E-005
175 1.1594828925114980E-004
176 7.1966970726012263E-005
177 7.7724633130931271E-005
178 1.2640418320280692E-004
179 1.0214843897783321E-004
180 4.0774453336802308E-005
181 5.9446363625392221E-005
182 8.6289753094527657E-005
183 3.6818966199778672E-005
184 6.3793569263264407E-005
185 3.9630268322860707E-005
186 5.2546438488733938E-005
187 7.2623038697763702E-005
188 3.3874528200144018E-005
189 2.9527322562271839E-005
190 2.2496183831263264E-005
191 1.6871657302896867E-005
192 3.4136955388844602E-005
193 2.5438699548695588E-005
194 4.6659484771666956E-005
195 3.5543567591486779E-005
196 3.3743314605793733E-005
197 8.4358286514484333E-006
198 0.0000000000000000
199 3.2732265468404743E-005
200 0.0000000000000000
201 2.6845311751337769E-005
202 2.5569913143045877E-005
203 1.6871657302896867E-005
204 2.1351998817321660E-005
205 2.1220785222971372E-005
206 8.4358286514484333E-006
207 4.2179143257242166E-006
208 1.7134084491597443E-005
209 2.9787827468770090E-005
210 2.6976525345688057E-005
211 2.8383137548330238E-005
212 0.0000000000000000
213 0.0000000000000000
214 4.2179143257242166E-006
215 8.4358286514484333E-006
216 1.2784956571522938E-005
217 8.5670422457987217E-006
218 5.6245265283663974E-006
219 4.2179143257242166E-006
220 0.0000000000000000
221 0.0000000000000000
222 4.2179143257242166E-006
223 8.5670422457987217E-006
224 0.0000000000000000
225 0.0000000000000000
226 4.2179143257242166E-006
227 0.0000000000000000
228 0.0000000000000000
229 8.5670422457987217E-006
230 0.0000000000000000
231 0.0000000000000000
232 0.0000000000000000
233 0.0000000000000000
234 0.0000000000000000
235 0.0000000000000000
236 0.0000000000000000
237 4.2179143257242166E-006
238 0.0000000000000000
239 0.0000000000000000
240 0.0000000000000000
