0 1.1217845825565010E-005
1 3.1039351992385602E-005
2 1.4041077635482458E-005
3 6.4521383850525016E-005
4 2.8119695978017310E-005
5 8.1460774710029698E-005
6 1.1246258599536291E-004
7 8.5620541010801083E-005
8 1.4201524066868499E-004
9 1.0826527898753913E-004
10 1.4622874559321513E-004
11 2.0910512745086720E-004
12 1.4327154887179441E-004
13 1.5914233506345165E-004
14 1.5748413212583254E-004
15 2.5176721697528763E-004
16 1.7423581945007525E-004
17 2.3194571080846707E-004
18 2.1822630161974981E-004
19 2.3036258928495269E-004
20 2.9114229948592232E-004
21 2.6098384862612229E-004
22 3.0352517418378569E-004
23 3.2069495415924446E-004
24 2.9110475877886996E-004
25 3.0356271489083810E-004
26 3.2176355882709194E-004
27 3.3963555919347952E-004
28 3.9133977777821888E-004
29 3.3393738719934721E-004
30 3.8237176340950597E-004
31 3.4290025669442037E-004
32 3.8638136688206773E-004
33 3.9781631510434735E-004
34 3.5405921902258690E-004
35 4.5257715158691827E-004
36 4.6213679447486413E-004
37 4.8064310894117677E-004
38 5.4814303230346856E-004
39 5.2470867252495611E-004
40 4.6684861833835487E-004
41 4.1880584711542627E-004
42 4.2577264730940886E-004
43 5.3180429275680218E-004
44 6.3495896777051935E-004
45 5.1131810690610503E-004
46 5.7618250199374145E-004
47 4.6474380483607256E-004
48 6.0080711135486378E-004
49 5.1900332540772277E-004
50 5.5591953013589730E-004
51 5.7087390473737796E-004
52 5.7732618807569366E-004
53 4.9759869771738791E-004
54 4.5118173359866585E-004
55 6.3098593828251107E-004
56 5.7445824043562271E-004
57 6.1164440523626506E-004
58 5.7883422818510327E-004
59 5.6964999236768139E-004
60 6.6399196071453490E-004
61 6.1946358864938596E-004
62 5.8968568973374956E-004
63 5.9407787539993628E-004
64 6.1973354872185389E-004
65 6.7063194758811245E-004
66 6.5357790435798923E-004
67 6.8375972825759663E-004
68 6.4706876777173648E-004
69 5.9679750788230190E-004
70 6.2018918208012230E-004
71 6.6284827463258258E-004
72 7.2343513642465058E-004
73 7.5388189317530442E-004
74 6.6222113565575860E-004
75 6.3056366748015405E-004
76 6.8712987275659364E-004
77 6.1349031170914619E-004
78 6.8606844321184718E-004
79 5.5597326875965610E-004
80 6.1629734560235730E-004
81 7.2942975615523638E-004
82 6.8245259262819538E-004
83 5.6906553897154936E-004
84 6.8991556385945884E-004
85 7.4683195549611050E-004
86 6.6547865803359837E-004
87 7.1670387022026180E-004
88 7.5140981444809802E-004
89 6.9832249787184707E-004
90 6.2666280820878402E-004
91 7.2137621993170243E-004
92 6.6935944146829661E-004
93 6.1020039349789375E-004
94 6.8495512271384636E-004
95 6.5701314075498690E-004
96 5.6513616178673206E-004
97 7.1194345260665228E-004
98 6.3105296362550947E-004
99 6.0599494464447028E-004
100 6.7939606050485706E-004
101 6.3347227045145588E-004
102 6.5396563142525383E-004
103 6.7908855972533683E-004
104 5.9058793365668121E-004
105 5.9322346193133664E-004
106 6.0155716220012439E-004
107 6.1016082254137995E-004
108 5.2489249814025246E-004
109 5.9349139175434308E-004
110 5.9020535146305625E-004
111 5.6697101521654644E-004
112 5.2900754861087045E-004
113 5.8762773996330045E-004
114 5.8638859639939598E-004
115 5.1259073067813925E-004
116 4.6355355525346258E-004
117 4.3617362037342650E-004
118 5.4226414931821836E-004
119 4.9486083706885462E-004
120 6.3588052423433565E-004
121 5.1257453276143286E-004
122 4.5060845089781888E-004
123 4.3224424318860915E-004
124 3.5759496097071276E-004
125 4.2690325009883315E-004
126 5.4017165581267683E-004
127 5.1474122673307371E-004
128 5.0291040959792965E-004
129 4.3859196047687414E-004
130 4.5296081815526031E-004
131 4.2217522831863614E-004
132 4.1530485232910445E-004
133 4.2562559910537767E-004
134 4.3247463230456328E-004
135 4.0738721446207141E-004
136 3.6391327939752508E-004
137 3.6728856877016184E-004
138 4.3155522374242652E-004
139 4.1425759045160310E-004
140 3.5687139778943776E-004
141 3.6259808769701718E-004
142 3.0534382969689384E-004
143 3.6459930187174761E-004
144 3.6076120401774142E-004
145 3.7905847215844606E-004
146 3.7362105486421921E-004
147 3.1173005441471001E-004
148 3.0455935276875917E-004
149 3.2332748546193984E-004
150 3.2220813914229370E-004
151 2.3437016250805320E-004
152 2.8692676431193098E-004
153 2.7331095445076557E-004
154 2.1346588400614013E-004
155 1.7851335274564353E-004
156 2.7210838487141481E-004
157 2.1088923922888309E-004
158 2.2040416628667556E-004
159 2.5545312175162294E-004
160 2.2091868314234241E-004
161 1.7631725991255014E-004
162 1.8017155568326266E-004
163 1.8784057626817404E-004
164 1.8633253615876446E-004
165 1.7112642965098370E-004
166 2.1048531424491205E-004
167 1.8301613028352617E-004
168 1.8442774618848489E-004
169 1.5931898555564700E-004
170 1.5102079574445029E-004
171 1.2287975697608690E-004
172 1.5130492348416311E-004
173 1.9486111508591527E-004
174 9.5485654428805822E-005
175 1.3821982839537094E-004
176 1.4341065865693741E-004
177 1.5828792159485193E-004
178 1.0119100154603916E-004
179 1.4635971353275825E-004
180 8.3236744642445728E-005
181 1.1120627779225348E-004
182 1.3264844618964081E-004
183 1.0464137233278069E-004
184 1.1744233968186005E-004
185 6.9233207714015671E-005
186 1.4043008889570935E-004
187 8.8636621229620219E-005
188 9.1802864276648933E-005
189 5.9217931467801368E-005
190 9.6627310261296779E-005
191 4.9202655221587064E-005
192 9.0428789078742596E-005
193 7.4424037975582129E-005
194 4.3802778634412573E-005
195 8.0585018451083911E-005
196 6.5244947031799905E-005
197 5.2234933357112527E-005
198 3.5445705325817402E-005
199 6.4998359999139497E-005
200 4.4796301888155258E-005
201 3.5199118293156987E-005
202 5.2197392650060132E-005
203 7.9838082230001647E-005
204 6.8202143753220585E-005
205 7.3811066666003096E-005
206 3.9396425300980767E-005
207 1.9821506166820594E-005
208 4.5632487190587338E-005
209 3.3787502388198263E-005
210 2.4018813174644370E-005
211 2.1404627690334944E-005
212 3.3787502388198263E-005
213 3.6819780523723739E-005
214 1.2800967349079362E-005
215 1.6998274356903145E-005
216 3.8193855721630069E-005
217 1.2800967349079362E-005
218 1.6789228031295121E-005
219 1.4212583254038087E-005
220 2.1195581364726924E-005
221 2.9590195380374487E-005
222 8.3946140156475607E-006
223 2.1404627690334944E-005
224 1.2800967349079362E-005
225 1.2800967349079362E-005
226 0.0000000000000000
227 4.1973070078237803E-006
228 2.5601934698158724E-005
229 0.0000000000000000
230 1.4212583254038087E-005
231 8.6036603412555824E-006
232 0.0000000000000000
233 1.4116159049587245E-006
234 8.6036603412555824E-006
235 0.0000000000000000
236 2.1404627690334944E-005
237 2.5810981023766750E-005
238 0.0000000000000000
239 0.0000000000000000
240 1.7207320682511165E-005
