0 1.8809147231789152E-002
0.1 4.8895294063235208E-002
0.2 7.7291247027925183E-002
0.3 0.10717242280267575
0.4 0.11684574845241792
0.5 0.13797894830260371
0.6 0.13877215846779412
0.7 0.16063235557842989
0.8 0.18468646641873707
0.9 0.18698541082547790
1 0.19497962518690756
1.1 0.20696334434370792
1.2 0.19094603693993592
1.3 0.21696878222809821
1.4 0.21579352160575055
1.5 0.22362996148591235
1.6 0.22108165965553747
1.7 0.19757204071319209
1.8 0.20549216732813394
1.9 0.19959139675276730
2 0.20082463200511477
2.1 0.21848007847643214
2.2 0.21974586505542945
2.3 0.20701846078021757
2.4 0.19288184791218591
2.5 0.19214797515674834
2.6 0.19678807578538898
2.7 0.19478156133215732
2.8 0.19015685568604049
2.9 0.18546610662721694
3 0.17043011081490481
3.1 0.17694799972031161
3.2 0.16758910464375212
3.3 0.16004464571423657
3.4 0.15106655289929424
3.5 0.15454471987221541
3.6 0.14004894344079857
3.7 0.13859592322754211
3.8 0.13559776781223098
3.9 0.14148877641958185
4 0.13609051739516226
4.1 0.11999316339368156
4.2 0.12141832606037992
4.3 0.11140151296637517
4.4 0.11183746628596752
4.5 0.11309701487824696
4.6 9.9037553919051960E-002
4.7 0.10372091362722806
4.8 9.6763059440460916E-002
4.9 8.5902017780662587E-002
5 8.5117760341157742E-002
5.1 9.5592770409193950E-002
5.2 7.8744056486633129E-002
5.3 7.5052579162395161E-002
5.4 7.9561200185798861E-002
5.5 7.5422716970208456E-002
5.6 7.3153685766682491E-002
5.7 7.2936814275873466E-002
5.8 6.2480828648052128E-002
5.9 6.5128672325601461E-002
6 5.3341594055162242E-002
6.1 5.4527597665586618E-002
6.2 4.8996811608936042E-002
6.3 5.5915392426908947E-002
6.4 4.8420986202819101E-002
6.5 4.7785126553787291E-002
6.6 4.8366175013328176E-002
6.7 3.9806702081456945E-002
6.8 4.2501308323450879E-002
6.9 4.3767650301042474E-002
7 4.7000253827854457E-002
7.1 4.2052200525383637E-002
7.2 4.5358779152114406E-002
7.3 3.1650053295532228E-002
7.4 3.0095709211100594E-002
7.5 2.7313934263567648E-002
7.6 3.1363492996564366E-002
7.7 2.7062470166680831E-002
7.8 2.6346066487918689E-002
7.9 2.5134998641140750E-002
8 2.7576125122996495E-002
8.1 2.3214734241771912E-002
8.2 2.6883523605361215E-002
8.3 1.7451920707599315E-002
8.4 2.3014501766118953E-002
8.5 1.7328756693369186E-002
8.6 1.7302597290489618E-002
8.7 1.5121380434384239E-002
8.8 2.3024228974921814E-002
8.9 1.8123327471610579E-002
9 1.5602565671665507E-002
9.1 1.4695904979358309E-002
9.2 1.1562306526545302E-002
9.3 1.3278916707074742E-002
9.4 9.7967901934928499E-003
9.5 1.4449694092119741E-002
9.6 1.4729902955932014E-002
9.7 1.0712653159244953E-002
9.8 1.1407119466767292E-002
9.9 9.0885027724815735E-003
10 7.8376687445089362E-003
10.1 1.1053172185013548E-002
10.2 7.3622614770856160E-003
10.3 7.3341436203974283E-003
10.4 6.9823602557863565E-003
10.5 5.2187538666888678E-003
10.6 8.5196149631392680E-003
10.7 7.8667310418166943E-003
10.8 7.5275705771577833E-003
10.9 4.9981048722284741E-003
11 7.6793087852294372E-003
11.1 3.3127467079273345E-003
11.2 4.9540773141102572E-003
11.3 7.8027179620979072E-003
11.4 5.7067849361911293E-003
11.5 5.3022869484449222E-003
11.6 4.0582537891248396E-003
11.7 5.3445460160264939E-003
11.8 4.5896850283146566E-003
11.9 4.3869521865204444E-003
12 1.7436302225662872E-003
12.1 2.2597947325767379E-003
12.2 3.6630905726441816E-003
12.3 2.5718122230051640E-003
12.4 3.2971106874736499E-003
12.5 3.2906068475075921E-003
12.6 2.1057420818338360E-003
12.7 1.9416990880886226E-003
12.8 3.0805261938979551E-003
12.9 2.8763162719410468E-003
13 4.0915949046510438E-003
13.1 2.3028752845313020E-003
13.2 2.5257480318954945E-003
13.3 1.0831492589681328E-003
13.4 1.5358365960959333E-003
13.5 6.2032054709620216E-004
13.6 7.4131768390269513E-004
13.7 2.2644389963251631E-003
13.8 7.8848935688869120E-004
13.9 1.2917453475171240E-003
14 7.6736066115480324E-004
14.1 1.3276875820905578E-003
14.2 1.5493182777304470E-003
14.3 1.0417208608242395E-003
14.4 9.0749362782983304E-004
14.5 6.7250537919140451E-004
14.6 5.1134131417321599E-004
14.7 8.4248812276043589E-004
14.8 8.4067418898389344E-004
14.9 1.3087469470034793E-003
15 1.0953980498900884E-003
15.1 3.0119943430248920E-004
15.2 1.5624199158996809E-004
15.3 3.7521034192153797E-004
15.4 8.8938326626689416E-004
15.5 3.2905634533113976E-004
15.6 4.5071321059769471E-004
15.7 1.1006955303888327E-003
15.8 1.0434359170097959E-003
15.9 3.9916285591756582E-004
16 1.0425158380049273E-003
16.1 5.0851749591107598E-004
16.2 2.1725329414601358E-004
16.3 1.0664683520009552E-003
16.4 6.7742745261962492E-004
16.5 2.0092068346142635E-003
16.6 2.1404627690334944E-004
16.7 6.4636352434831027E-004
16.8 7.0205388177412288E-005
16.9 1.5870115437055384E-003
17 5.6089229127825048E-005
17.1 6.2625250501002012E-004
17.2 1.4116159049587243E-005
17.3 4.2248089249852022E-004
17.4 8.6036603412555817E-005
17.5 1.6116406501818855E-004
17.6 2.4720066843074434E-004
17.7 0.0000000000000000
17.8 4.4113592599580369E-004
17.9 4.1973070078237802E-005
18 7.6745825854553247E-004
18.1 8.6036603412555817E-005
18.2 8.6036603412555817E-005
18.3 0.0000000000000000
18.4 0.0000000000000000
18.5 3.9707239266148562E-004
18.6 4.1973070078237802E-005
18.7 6.2625250501002012E-004
18.8 1.6116406501818855E-004
18.9 0.0000000000000000
19 0.0000000000000000
19.1 0.0000000000000000
19.2 0.0000000000000000
19.3 1.4116159049587243E-005
19.4 2.8232318099174487E-005
19.5 0.0000000000000000
19.6 0.0000000000000000
19.7 0.0000000000000000
19.8 0.0000000000000000
